[array([76.01199, 22.97814, 68.18797, 79.54411, 53.9406 , 50.11548,
       45.9846 , 55.3609 , 36.97021, 58.76062, 34.89007, 69.54576,
       50.06314,  0.     , 67.27161, 86.49764,  3.76685, 42.8695 ,
       71.3493 , 25.25022, 46.5919 , 68.11158, 29.08018, 28.68321,
       53.48209, 84.25971, 43.87736, 36.28736, 54.4027 , 47.19832]), array([ 92.34844,  73.65239,  90.23242,  68.97864,  87.1175 ,  71.19376,
        89.41714,  68.63201,  59.44421,  89.37567,  85.05853, 100.     ,
        96.25452,  59.29396,  92.01616,  36.12571,  90.78251,  60.53306,
        49.95806,  95.66985,  57.63699,  80.65025,  54.80224, 100.     ,
        97.23283,  93.99305,  81.26599,  94.06615,  88.93892,  88.81094]), array([ 75.38548,  73.16446,  74.91312,  93.9951 ,  90.64973,  77.2512 ,
        63.05054,  78.08427,  88.03651, 100.     ,  98.12794, 100.     ,
       100.     , 100.     , 100.     , 100.     ,  96.52943,  96.41374,
       100.     ,  95.70939,  98.30123,  98.21875, 100.     , 100.     ,
        92.63438, 100.     ,  84.00646,  89.83061,  98.61714,  90.67888]), array([100.     , 100.     , 100.     , 100.     , 100.     , 100.     ,
       100.     , 100.     , 100.     , 100.     , 100.     , 100.     ,
        97.82892,  91.84118,  93.75455,  94.34945,  90.54966, 100.     ,
       100.     , 100.     , 100.     , 100.     ,  93.02358, 100.     ,
       100.     , 100.     , 100.     ,  94.34042,  91.13798,  73.31553]), array([100.     , 100.     , 100.     , 100.     , 100.     , 100.     ,
       100.     , 100.     , 100.     , 100.     , 100.     , 100.     ,
       100.     , 100.     , 100.     , 100.     , 100.     , 100.     ,
       100.     , 100.     , 100.     , 100.     , 100.     , 100.     ,
       100.     , 100.     , 100.     , 100.     , 100.     ,  99.81873]), array([76.01199, 22.97814, 68.18797, 79.54411, 53.9406 , 50.11548,
       45.9846 , 55.3609 , 36.97021, 58.76062, 34.89007, 69.54576,
       50.06314,  0.     , 67.27161, 86.49764,  3.76685, 42.8695 ,
       71.3493 , 25.25022, 46.5919 , 68.11158, 29.08018, 28.68321,
       53.48209, 84.25971, 43.87736, 36.28736, 54.4027 , 47.19832]), array([ 92.34844,  73.65239,  90.23242,  68.97864,  87.1175 ,  71.19376,
        89.41714,  68.63201,  59.44421,  89.37567,  85.05853, 100.     ,
        96.25452,  59.29396,  92.01616,  36.12571,  90.78251,  60.53306,
        49.95806,  95.66985,  57.63699,  80.65025,  54.80224, 100.     ,
        97.23283,  93.99305,  81.26599,  94.06615,  88.93892,  88.81094]), array([ 75.38548,  73.16446,  74.91312,  93.9951 ,  90.64973,  77.2512 ,
        63.05054,  78.08427,  88.03651, 100.     ,  98.12794, 100.     ,
       100.     , 100.     , 100.     , 100.     ,  96.52943,  96.41374,
       100.     ,  95.70939,  98.30123,  98.21875, 100.     , 100.     ,
        92.63438, 100.     ,  84.00646,  89.83061,  98.61714,  90.67888])]
